6.157864350432870691e-06 1.304864833499091395e-04 5.880936380511548749e-06 2.937046484534895863e-05
5.506775360847552950e-06 4.593280943073495924e-06 7.746702653227540657e-07 4.492012950014891495e-04
7.932920866589943457e-04 1.327971958618970297e-05 1.271151520584501803e-05 1.497464430500213521e-05
7.320950527851620139e-06 3.287005393443052032e-07 1.683862806569754230e-07 3.408291682883455942e-07
6.219916055754095489e-06 4.193093643279246065e-06 2.060853114162992993e-04 6.443126430992319147e-06
4.940656458412465442e-324 4.940656458412465442e-324 4.940656458412465442e-324 4.940656458412465442e-324
3.172011438384065999e-04 4.011021462721700171e-07 2.853806801577549731e-07 9.831705780890853808e-07
4.940656458412465442e-324 4.940656458412465442e-324 4.940656458412465442e-324 4.940656458412465442e-324
6.320994519617378178e-05 5.108135140300541614e-05 1.359682936713477343e-05 5.168403630022266578e-04
2.737417176280666515e-04 8.613065922885576597e-04 7.782048999816388061e-05 6.239679336411134338e-04
9.142419853367073990e-04 6.089859904880061056e-04 6.732977411079879137e-04 1.131101608854208178e-03
4.940656458412465442e-324 4.940656458412465442e-324 4.940656458412465442e-324 4.940656458412465442e-324
4.940656458412465442e-324 4.940656458412465442e-324 4.940656458412465442e-324 4.940656458412465442e-324
5.740469429322804734e-05 1.347954636753666453e-03 3.895337413380063618e-02 4.671967942977432644e-04
4.742653753218199764e-02 1.691769379044780544e-02 1.094616819402587787e-02 1.143383452351381280e+00
5.893375525678045124e-01 9.868547806597326444e-01 5.782880403467922648e-01 3.283173861546612171e-01
