0.000000000000000000e+00 0.000000000000000000e+00 0.000000000000000000e+00 0.000000000000000000e+00 0.000000000000000000e+00 0.000000000000000000e+00
-1.701219511599999734e+00 -1.588511931999999849e+00 -1.690495651599999816e+00 -1.588511931999999849e+00 -1.573720540000000057e+00 -7.000000000000000000e+00
-1.516565931999999783e+00 -1.530919599999999825e+00 -1.661919531999999755e+00 -1.412819799999999848e+00 -1.482082000000000122e+00 -1.039661979999999986e+01
-1.539095740000000045e+00 -1.503665800000000052e+00 -1.497665931999999867e+00 -1.588511931999999849e+00 -1.385566000000000075e+00 -1.027719573999999980e+01
-2.282386890326359108e+00 -2.337622716133111567e+00 -2.371251158133577785e+00 -2.293917478583434644e+00 -1.120874443846391699e+01 -9.624665931999999202e+00
0.000000000000000000e+00 0.000000000000000000e+00 0.000000000000000000e+00 0.000000000000000000e+00 0.000000000000000000e+00 0.000000000000000000e+00
-1.968016359571359786e+00 -2.023861878188080166e+00 -2.095146000138980114e+00 -1.995070713133120011e+00 -1.012366600000000005e+01 -1.096038027738505605e+01
-2.228095781212912296e+00 -2.340156457666024092e+00 -2.272678650927441701e+00 -2.314307813426141891e+00 -1.122799848758666919e+01 -9.099999999999999645e+00
-2.200301324700698835e+00 -2.179735945154595456e+00 -2.055779263303980198e+00 -2.203953599144855779e+00 -1.120969166087352242e+01 -1.123702964197208232e+01
-1.607411931999999766e+00 -1.588511931999999849e+00 -1.688847495999999948e+00 -1.588511931999999849e+00 -9.402820000000000178e+00 -9.402820000000000178e+00
0.000000000000000000e+00 0.000000000000000000e+00 0.000000000000000000e+00 0.000000000000000000e+00 0.000000000000000000e+00 0.000000000000000000e+00
-2.036342214474859968e+00 -2.021475286613608091e+00 -1.974619279417120010e+00 -1.946313414198159952e+00 -1.089200989531816077e+01 -1.048746580000000073e+01
-2.297208920067220550e+00 -2.213096463603366093e+00 -2.235896314098912985e+00 -2.270706376511718361e+00 -1.115074472341151690e+01 -1.079019294440169041e+01
-1.548755905479999750e+00 -1.457511999999999919e+00 -1.428366939999999863e+00 -1.457511999999999919e+00 -1.046173848747999990e+01 -1.003282000000000096e+01
-1.711195611999999810e+00 -1.840885544679999875e+00 -1.457511999999999919e+00 -1.735031785479999700e+00 -9.730519691199999599e+00 -1.048679563119999969e+01
0.000000000000000000e+00 0.000000000000000000e+00 0.000000000000000000e+00 0.000000000000000000e+00 0.000000000000000000e+00 0.000000000000000000e+00
-1.212819999999999787e+00 -6.999999999999999556e-01 -6.999999999999999556e-01 -6.999999999999999556e-01 -7.000000000000000000e+00 1.400000000000000000e+01
-1.385566000000000075e+00 -1.366665999999999936e+00 -1.583119711599999757e+00 -1.212819999999999787e+00 -1.021451199999999915e+01 -1.625938667080000011e+00
-9.729999999999999760e-01 -1.212819999999999787e+00 -1.303665999999999991e+00 -1.366665999999999936e+00 -9.493665999999999272e+00 -1.802877395199999899e+00
-1.275819999999999954e+00 -1.366665999999999936e+00 -1.303665999999999769e+00 -1.212819999999999787e+00 -1.027852000000000032e+01 -1.497665931999999867e+00
0.000000000000000000e+00 0.000000000000000000e+00 0.000000000000000000e+00 0.000000000000000000e+00 0.000000000000000000e+00 0.000000000000000000e+00
-1.772709464679999902e+00 -1.648511871999999823e+00 -1.634665731999999760e+00 -1.640335731999999824e+00 -9.730000000000000426e+00 -9.402820000000000178e+00
-1.476412000000000058e+00 -1.457511999999999919e+00 -1.661919531999999755e+00 -1.558173399999999820e+00 -9.730000000000000426e+00 -1.043076579999999964e+01
-1.530919599999999825e+00 -1.701219511599999734e+00 -1.640335731999999824e+00 -1.503665800000000052e+00 -1.084109606360116018e+01 -7.000000000000000000e+00
-2.348146055605476068e+00 -2.417563291442997198e+00 -2.419473555129080022e+00 -2.329318285407652400e+00 -1.132808571933594699e+01 -1.134251286949785609e+01
0.000000000000000000e+00 0.000000000000000000e+00 0.000000000000000000e+00 0.000000000000000000e+00 0.000000000000000000e+00 0.000000000000000000e+00
-2.130861659778718664e+00 -2.065378738197332531e+00 -1.956457096362159920e+00 -2.014866633613119795e+00 -1.117987034788364298e+01 -1.062710158578237163e+01
-2.170944766103826584e+00 -2.213096463603366093e+00 -2.093682085678965077e+00 -2.331310310522063389e+00 -1.119786177776044944e+01 -1.095431601719896442e+01
-1.851419940049960022e+00 -1.946313414198159952e+00 -1.748218572293199990e+00 -2.234425131237630424e+00 -1.087502162488478774e+01 -9.784676807331999626e+00
-1.793409425079999897e+00 -1.767773291199999930e+00 -1.588511931999999849e+00 -1.666919815288000040e+00 -9.730000000000000426e+00 -1.012366600000000005e+01
0.000000000000000000e+00 0.000000000000000000e+00 0.000000000000000000e+00 0.000000000000000000e+00 0.000000000000000000e+00 0.000000000000000000e+00
-1.832709404679999876e+00 -1.946313414198159952e+00 -1.837685221287999937e+00 -2.014010293969532128e+00 -1.075157329119999972e+01 -1.041206571160000038e+01
-2.117295365405567065e+00 -2.206611845688428275e+00 -2.065378738197332531e+00 -2.248973398270148305e+00 -9.780055653003998373e+00 -1.024176579999999959e+01
-1.303665999999999991e+00 -1.212819999999999787e+00 -1.654285712379999884e+00 -1.418489799999999912e+00 -1.012366600000000005e+01 -9.919000000000000483e+00
-1.543819731999999778e+00 -1.588511931999999849e+00 -1.588511931999999849e+00 -1.524919731999999861e+00 -7.000000000000000000e+00 -9.099999999999999645e+00
0.000000000000000000e+00 0.000000000000000000e+00 0.000000000000000000e+00 0.000000000000000000e+00 0.000000000000000000e+00 0.000000000000000000e+00
-1.212819999999999787e+00 -6.999999999999999556e-01 -6.999999999999999556e-01 -6.999999999999999556e-01 -7.000000000000000000e+00 -9.402820000000000178e+00
-1.516565931999999783e+00 -1.426665940000000132e+00 -1.366665999999999936e+00 -1.484765799999999913e+00 -9.099999999999999645e+00 -1.022182000000000102e+01
-1.366665999999999936e+00 -1.412819799999999848e+00 -1.366665999999999936e+00 -1.457511999999999919e+00 -9.493665999999999272e+00 -7.000000000000000000e+00
-1.275819999999999954e+00 -1.212819999999999787e+00 -1.212819999999999787e+00 -9.099999999999999201e-01 -1.003282000000000096e+01 -9.919000000000000483e+00
0.000000000000000000e+00 0.000000000000000000e+00 0.000000000000000000e+00 0.000000000000000000e+00 0.000000000000000000e+00 0.000000000000000000e+00
-1.366665999999999936e+00 -1.588511931999999849e+00 -1.520195739999999907e+00 -1.588511931999999849e+00 -9.402820000000000178e+00 -7.000000000000000000e+00
-1.212819999999999787e+00 -1.275819999999999954e+00 -1.530919599999999825e+00 -1.212819999999999787e+00 -1.012366600000000005e+01 -9.099999999999999645e+00
-1.588511931999999849e+00 -9.919000000000000039e-01 -1.366665999999999936e+00 -6.999999999999999556e-01 -7.000000000000000000e+00 -7.000000000000000000e+00
-1.974734484019359915e+00 -2.076243702435249361e+00 -2.100555147780426513e+00 -1.916202874012000068e+00 -1.042024185160000016e+01 -9.752938667079998680e+00
0.000000000000000000e+00 0.000000000000000000e+00 0.000000000000000000e+00 0.000000000000000000e+00 0.000000000000000000e+00 0.000000000000000000e+00
-1.869413841383199770e+00 -1.634665731999999760e+00 -1.661919531999999755e+00 -1.863743841383199928e+00 -1.043076579999999964e+01 -9.624665931999999202e+00
-1.579249671999999771e+00 -1.212819999999999787e+00 -1.549489731999999842e+00 -1.212819999999999787e+00 -9.099999999999999645e+00 -1.040479594000000141e+01
-1.906258108262199880e+00 -2.104168965018005988e+00 -2.028936903882279985e+00 -2.094059549783032548e+00 -1.037690778269319836e+01 -1.088714009694443341e+01
-1.797971711199999767e+00 -1.701219511599999956e+00 -1.661919531999999755e+00 -1.820919410799999749e+00 -7.000000000000000000e+00 -9.402820000000000178e+00
0.000000000000000000e+00 0.000000000000000000e+00 0.000000000000000000e+00 0.000000000000000000e+00 0.000000000000000000e+00 0.000000000000000000e+00
-2.026605101177154644e+00 -2.059799568048592544e+00 -2.114776038720467266e+00 -2.135353926325322504e+00 -1.092475557630520022e+01 -9.730000000000000426e+00
-2.051925193920162371e+00 -2.178683438472055922e+00 -2.200162919047541799e+00 -2.123450774222940485e+00 -9.520919799999999711e+00 -7.000000000000000000e+00
-9.099999999999999201e-01 -1.212819999999999787e+00 -1.303665999999999991e+00 -1.212819999999999787e+00 -7.000000000000000000e+00 -7.000000000000000000e+00
-1.902870969143199975e+00 -1.838829398559999717e+00 -1.711195611999999810e+00 -1.893414336603999937e+00 -1.059095856464800001e+01 -7.000000000000000000e+00
0.000000000000000000e+00 0.000000000000000000e+00 0.000000000000000000e+00 0.000000000000000000e+00 0.000000000000000000e+00 0.000000000000000000e+00
-1.740519491199999935e+00 -1.634665731999999760e+00 -1.615765731999999844e+00 -1.588511931999999849e+00 -9.402820000000000178e+00 -1.025466593199999998e+01
-6.999999999999999556e-01 -6.999999999999999556e-01 -9.099999999999999201e-01 -6.999999999999999556e-01 -7.000000000000000000e+00 0.000000000000000000e+00
-9.099999999999999201e-01 -6.999999999999999556e-01 -1.120919799999999800e+00 0.000000000000000000e+00 0.000000000000000000e+00 0.000000000000000000e+00
-1.212819999999999787e+00 -1.412819799999999848e+00 -1.394511999999999974e+00 -1.212819999999999787e+00 -7.000000000000000000e+00 -9.402820000000000178e+00
0.000000000000000000e+00 0.000000000000000000e+00 0.000000000000000000e+00 0.000000000000000000e+00 0.000000000000000000e+00 0.000000000000000000e+00
-1.294719999999999871e+00 -1.366665999999999936e+00 -1.300389999999999935e+00 -9.729999999999999760e-01 -9.099999999999999645e+00 -1.021451199999999915e+01
-1.275819999999999954e+00 -1.366665999999999936e+00 -1.426665940000000132e+00 -1.497665931999999867e+00 -7.000000000000000000e+00 -1.052289573999999917e+01
-1.275819999999999954e+00 -1.275819999999999954e+00 -1.275819999999999954e+00 -1.275819999999999954e+00 -1.003282000000000096e+01 -7.000000000000000000e+00
-1.876575366483999918e+00 -2.095700527800426372e+00 -2.003737402663359646e+00 -2.099699085821649103e+00 -1.066374945159999932e+01 -9.520919799999999711e+00
0.000000000000000000e+00 0.000000000000000000e+00 0.000000000000000000e+00 0.000000000000000000e+00 0.000000000000000000e+00 0.000000000000000000e+00
-1.607411931999999766e+00 -1.572019539999999882e+00 -1.385566000000000075e+00 -1.769936261783199960e+00 -1.049564193999999873e+01 -1.015091980000000049e+01
-1.751884325799999864e+00 -1.816368389079999979e+00 -1.385565999999999853e+00 -1.429941939999999967e+00 -7.000000000000000000e+00 -1.040819567199999973e+01
-2.130933250178295157e+00 -2.095229712497033603e+00 -1.978876072242159889e+00 -2.035513388252392808e+00 -1.107788736342929070e+01 -9.493665999999999272e+00
-1.623941871999999842e+00 -1.588511931999999849e+00 -1.582701820000000037e+00 -1.834616189543199827e+00 -7.000000000000000000e+00 -7.000000000000000000e+00
0.000000000000000000e+00 0.000000000000000000e+00 0.000000000000000000e+00 0.000000000000000000e+00 0.000000000000000000e+00 0.000000000000000000e+00
-2.197745565647247545e+00 -2.169700371891501778e+00 -2.164644588206499964e+00 -2.122437983872121237e+00 -1.117495377727027694e+01 -1.103290623198109976e+01
-2.196070910366739071e+00 -2.257411781225175496e+00 -2.231957015674894684e+00 -2.177996184802855950e+00 -9.941975182982124792e+00 -1.111454632476851323e+01
-9.729999999999999760e-01 -1.476412000000000058e+00 -1.497665931999999867e+00 -9.099999999999999201e-01 -9.493665999999999272e+00 -9.099999999999999645e+00
-1.769936261783199960e+00 -1.275819999999999954e+00 -1.817245598560000230e+00 -1.821551698960000021e+00 -9.651919731999999641e+00 -9.402820000000000178e+00
0.000000000000000000e+00 0.000000000000000000e+00 0.000000000000000000e+00 0.000000000000000000e+00 0.000000000000000000e+00 0.000000000000000000e+00
-1.640335731999999824e+00 -1.588511931999999849e+00 -1.614148673200000106e+00 -1.607411931999999766e+00 -9.099999999999999645e+00 -1.024176579999999959e+01
-9.099999999999999201e-01 -1.212819999999999787e+00 -9.099999999999999201e-01 -6.999999999999999556e-01 -7.000000000000000000e+00 -7.000000000000000000e+00
-1.457511999999999919e+00 -1.412819799999999848e+00 -1.412819799999999848e+00 -9.729999999999999760e-01 -1.024176579999999959e+01 -9.402820000000000178e+00
-1.275819999999999954e+00 -1.212819999999999787e+00 -1.615765731999999844e+00 -1.275819999999999954e+00 -1.031266600000000011e+01 -9.099999999999999645e+00
0.000000000000000000e+00 0.000000000000000000e+00 0.000000000000000000e+00 0.000000000000000000e+00 0.000000000000000000e+00 0.000000000000000000e+00
-1.530919599999999825e+00 -1.588511931999999849e+00 -1.588511931999999849e+00 -1.476412000000000058e+00 -7.000000000000000000e+00 -1.065776571159999975e+01
-1.212819999999999787e+00 -1.492941940000000134e+00 -1.652665713999999841e+00 -1.544765740000000109e+00 -7.000000000000000000e+00 -9.402820000000000178e+00
-1.212819999999999787e+00 -1.212819999999999787e+00 -1.212819999999999787e+00 -1.366665999999999936e+00 -7.000000000000000000e+00 -7.000000000000000000e+00
-1.965717392526159957e+00 -1.715065651600000241e+00 -1.767773291199999930e+00 -1.974449147166159824e+00 -1.736732785479999874e+00 -9.493665999999999272e+00
0.000000000000000000e+00 0.000000000000000000e+00 0.000000000000000000e+00 0.000000000000000000e+00 0.000000000000000000e+00 0.000000000000000000e+00
-2.038649870228060212e+00 -1.588511931999999849e+00 -1.903399580718160067e+00 -1.566349540000000040e+00 -1.729308487479999989e+00 -9.493665999999999272e+00
-1.890867305471199744e+00 -1.484765799999999913e+00 -1.426665939999999910e+00 -1.512019599999999908e+00 -1.546466739999999840e+00 -1.043076579999999964e+01
-1.889379975263199896e+00 -1.715065651599999796e+00 -1.775949431199999928e+00 -2.115821789092326544e+00 -1.046619573999999986e+01 -1.081000470508000078e+01
-1.522235931999999847e+00 -1.275819999999999954e+00 -1.366665999999999936e+00 -1.516565931999999783e+00 -9.520919799999999711e+00 -7.000000000000000000e+00
0.000000000000000000e+00 0.000000000000000000e+00 0.000000000000000000e+00 0.000000000000000000e+00 0.000000000000000000e+00 0.000000000000000000e+00
-2.148306117278953931e+00 -2.107619215540891489e+00 -2.170148327068659899e+00 -2.221967218191002402e+00 -1.073306455126209258e+01 -1.113522092238157590e+01
-2.224675285291723092e+00 -2.213096463603366093e+00 -2.195895966528502719e+00 -2.236001168858452459e+00 -1.072429006178320066e+01 -9.906255585782371753e+00
-1.366665999999999936e+00 -1.588511931999999849e+00 -1.640335731999999824e+00 -1.275819999999999954e+00 -9.624665931999999202e+00 -9.402820000000000178e+00
-1.643019531999999838e+00 -1.859205366844000062e+00 -1.728473311599999729e+00 -1.694843332000000036e+00 -1.064854183120000108e+01 -9.703265891200000937e+00
0.000000000000000000e+00 0.000000000000000000e+00 0.000000000000000000e+00 0.000000000000000000e+00 0.000000000000000000e+00 0.000000000000000000e+00
-1.823425550800000128e+00 -1.588511931999999849e+00 -1.588511931999999849e+00 -1.538290600000000063e+00 -9.624665931999999202e+00 -1.765225571200000010e+00
-6.999999999999999556e-01 -9.099999999999999201e-01 -6.999999999999999556e-01 -6.999999999999999556e-01 -7.000000000000000000e+00 1.400000000000000000e+01
-1.385565999999999853e+00 -1.412819799999999848e+00 -1.484765799999999913e+00 -1.483783000000000074e+00 -1.043448468747999947e+01 -1.658619491200000073e+00
-1.482082000000000122e+00 -1.385566000000000075e+00 -1.588511931999999849e+00 -1.391235999999999917e+00 -1.038094187199999929e+01 -1.421765799999999746e+00
0.000000000000000000e+00 0.000000000000000000e+00 0.000000000000000000e+00 0.000000000000000000e+00 0.000000000000000000e+00 0.000000000000000000e+00
-1.819751738559999943e+00 -1.687811851599999802e+00 -1.385565999999999853e+00 -1.588511931999999849e+00 -1.024176579999999959e+01 -1.040351199999999920e+01
-1.701219511599999956e+00 -1.366665999999999936e+00 -1.530919600000000047e+00 -1.588511931999999849e+00 -9.624665931999999202e+00 -1.059121193200000022e+01
-1.872666672603999771e+00 -1.412819799999999848e+00 -1.673965711599999961e+00 -1.770461725479999693e+00 -1.034118584548000008e+01 -1.040479593999999963e+01
-2.347024885208762068e+00 -2.318300084953698104e+00 -2.343662230353071863e+00 -2.359113299750006831e+00 -1.120858756156294689e+01 -1.133018899307763938e+01
0.000000000000000000e+00 0.000000000000000000e+00 0.000000000000000000e+00 0.000000000000000000e+00 0.000000000000000000e+00 0.000000000000000000e+00
-1.946210632681588004e+00 -1.999825563375354331e+00 -2.022166879193607603e+00 -2.065378738197332531e+00 -1.053869024587120151e+01 -9.624665931999999202e+00
-2.178851349460782849e+00 -2.226535949789277158e+00 -2.234031734601135799e+00 -2.272961044321848867e+00 -1.101567524254509678e+01 -1.119660046674107612e+01
-2.131584121157633405e+00 -2.184655284945358211e+00 -2.119531475512537178e+00 -2.133868558657369352e+00 -1.099450999974503596e+01 -1.114035245428165766e+01
-1.476412000000000058e+00 -1.752309485079999840e+00 -1.434665931999999700e+00 -1.588511931999999849e+00 -9.493665999999999272e+00 -1.003282000000000096e+01
0.000000000000000000e+00 0.000000000000000000e+00 0.000000000000000000e+00 0.000000000000000000e+00 0.000000000000000000e+00 0.000000000000000000e+00
-2.015859435236079911e+00 -1.948677804198160057e+00 -1.902267951564399873e+00 -1.831142674059999864e+00 -9.402820000000000178e+00 -1.103825367282530046e+01
-2.289548273315351157e+00 -2.280106483604828149e+00 -2.229103063461808532e+00 -2.288716368367563092e+00 -1.054166814068603131e+01 -9.824157566838159994e+00
-1.623941871999999842e+00 -1.723638487479999704e+00 -1.509335799999999894e+00 -1.457511999999999919e+00 -9.919000000000000483e+00 -9.099999999999999645e+00
-1.669290531999999772e+00 -1.583119711599999757e+00 -1.512019599999999908e+00 -1.484765799999999913e+00 -7.000000000000000000e+00 -9.730000000000000426e+00
0.000000000000000000e+00 0.000000000000000000e+00 0.000000000000000000e+00 0.000000000000000000e+00 0.000000000000000000e+00 0.000000000000000000e+00
-1.406819931999999884e+00 -9.729999999999999760e-01 -1.212819999999999787e+00 -1.212819999999999787e+00 -1.024176579999999959e+01 -7.000000000000000000e+00
-1.622419691199999958e+00 -1.212819999999999787e+00 -1.497665931999999867e+00 -1.484765799999999913e+00 -1.015091980000000049e+01 -9.099999999999999645e+00
-9.099999999999999201e-01 -1.303665999999999991e+00 -1.512019599999999908e+00 -9.099999999999999201e-01 -9.099999999999999645e+00 -7.000000000000000000e+00
-9.729999999999999760e-01 -9.099999999999999201e-01 -1.212819999999999787e+00 -1.212819999999999787e+00 -9.402820000000000178e+00 -9.099999999999999645e+00
0.000000000000000000e+00 0.000000000000000000e+00 0.000000000000000000e+00 0.000000000000000000e+00 0.000000000000000000e+00 0.000000000000000000e+00
-1.615765731999999844e+00 -1.711195612000000033e+00 -1.588511931999999849e+00 -1.566349539999999818e+00 -1.057563157260399933e+01 -9.750485825080000168e+00
-1.729795631200000017e+00 -1.549489731999999842e+00 -1.366665999999999936e+00 -1.673965711599999739e+00 -7.000000000000000000e+00 -9.730000000000000426e+00
-1.511036800000000069e+00 -1.673965711599999961e+00 -1.736649451599999949e+00 -1.520195740000000129e+00 -1.040819567199999973e+01 -1.067824847320000003e+01
-2.298809246286815267e+00 -2.304687438572009750e+00 -2.376827098675518002e+00 -2.364700636900296971e+00 -1.120174584095822645e+01 -9.099999999999999645e+00
0.000000000000000000e+00 0.000000000000000000e+00 0.000000000000000000e+00 0.000000000000000000e+00 0.000000000000000000e+00 0.000000000000000000e+00
-2.066505226283680052e+00 -2.066316531677439894e+00 -2.055212852845768268e+00 -2.008445299262372252e+00 -1.069985756683816014e+01 -1.071838179160000060e+01
-2.122078445117667744e+00 -2.224941124139919957e+00 -2.228370003111964870e+00 -2.106077589092997471e+00 -1.120241971427782346e+01 -1.109109052376662241e+01
-2.078802663462548939e+00 -2.007882178328824097e+00 -2.147611699929901086e+00 -2.223833523915599297e+00 -1.098642481927209147e+01 -1.080665292120819920e+01
-1.627811911600000050e+00 -1.740519491199999935e+00 -1.588511931999999849e+00 -1.366665999999999936e+00 -9.691219711599998732e+00 -7.000000000000000000e+00
0.000000000000000000e+00 0.000000000000000000e+00 0.000000000000000000e+00 0.000000000000000000e+00 0.000000000000000000e+00 0.000000000000000000e+00
-1.793320022183199969e+00 -1.868002530604000011e+00 -1.818863264680000036e+00 -1.956414689298159981e+00 -9.624665931999999202e+00 -1.025466593199999998e+01
-2.177979292849408388e+00 -2.091420870792330966e+00 -2.055763766901543832e+00 -2.282282659583504181e+00 -1.116830209024393561e+01 -7.000000000000000000e+00
-1.294719999999999871e+00 -1.212819999999999787e+00 -1.546466740000000062e+00 -9.919000000000000039e-01 -9.402820000000000178e+00 -9.099999999999999645e+00
-1.670273331999999833e+00 -1.516565931999999783e+00 -1.701219511599999956e+00 -1.711848493599999799e+00 -7.000000000000000000e+00 -1.045136569119999947e+01
0.000000000000000000e+00 0.000000000000000000e+00 0.000000000000000000e+00 0.000000000000000000e+00 0.000000000000000000e+00 0.000000000000000000e+00
-1.551995871999999776e+00 -9.099999999999999201e-01 -1.212819999999999787e+00 -1.212819999999999787e+00 -7.000000000000000000e+00 -7.000000000000000000e+00
-1.275819999999999954e+00 -1.582701820000000037e+00 -1.588511931999999849e+00 -1.303665999999999991e+00 -9.099999999999999645e+00 -9.402820000000000178e+00
-9.919000000000000039e-01 -1.385566000000000075e+00 -9.729999999999999760e-01 -9.729999999999999760e-01 -9.099999999999999645e+00 -9.099999999999999645e+00
-9.099999999999999201e-01 -1.275819999999999954e+00 -1.212819999999999787e+00 -6.999999999999999556e-01 -9.099999999999999645e+00 -7.000000000000000000e+00
0.000000000000000000e+00 0.000000000000000000e+00 0.000000000000000000e+00 0.000000000000000000e+00 0.000000000000000000e+00 0.000000000000000000e+00
-1.713265691199999941e+00 -1.588511931999999849e+00 -1.434665931999999700e+00 -1.412819799999999848e+00 -9.099999999999999645e+00 -7.000000000000000000e+00
-9.099999999999999201e-01 -1.212819999999999787e+00 -1.457511999999999919e+00 -1.212819999999999787e+00 -1.003282000000000096e+01 -7.000000000000000000e+00
-1.418489799999999912e+00 -1.366665999999999936e+00 -1.212819999999999787e+00 -1.588511931999999849e+00 -7.000000000000000000e+00 -1.025466593199999998e+01
-2.181656441775299715e+00 -2.024564015516560289e+00 -2.036373152269119746e+00 -1.971084286042647626e+00 -9.919000000000000483e+00 -1.101035156458400799e+01
0.000000000000000000e+00 0.000000000000000000e+00 0.000000000000000000e+00 0.000000000000000000e+00 0.000000000000000000e+00 0.000000000000000000e+00
-1.871337959663199824e+00 -1.706889511600000020e+00 -1.807884662693199918e+00 -1.980522383958159827e+00 -9.520919799999999711e+00 -1.024176579999999959e+01
-1.929214519105047820e+00 -1.538290599999999841e+00 -1.530919600000000047e+00 -1.543819731999999778e+00 -1.041206571160000038e+01 -7.000000000000000000e+00
-1.974389190694647800e+00 -2.084430083998773942e+00 -2.115571278884271322e+00 -2.115608848341760329e+00 -1.094925082857714038e+01 -1.105428745595953366e+01
-1.872129551734959874e+00 -1.799785604679999818e+00 -1.823372252799999815e+00 -1.945574936141492239e+00 -1.021451199999999915e+01 -7.000000000000000000e+00
0.000000000000000000e+00 0.000000000000000000e+00 0.000000000000000000e+00 0.000000000000000000e+00 0.000000000000000000e+00 0.000000000000000000e+00
-1.952680227833607951e+00 -1.878834106920399982e+00 -2.185913838305408419e+00 -2.006268473689194476e+00 -1.103268251820873047e+01 -1.084420318504515990e+01
-2.035743337664007946e+00 -1.893414336603999937e+00 -1.864479358697200162e+00 -1.863743841383199928e+00 -1.046619573999999986e+01 -1.094232121878520125e+01
-1.530919599999999825e+00 -9.099999999999999201e-01 -9.099999999999999201e-01 -9.729999999999999760e-01 -9.402820000000000178e+00 -7.000000000000000000e+00
-1.850542536723999820e+00 -1.959994094526160024e+00 -1.756615585479999853e+00 -1.835232379288000093e+00 -1.032939585159999929e+01 -1.048679563119999969e+01
0.000000000000000000e+00 0.000000000000000000e+00 0.000000000000000000e+00 0.000000000000000000e+00 0.000000000000000000e+00 0.000000000000000000e+00
-1.517511940000000115e+00 -1.607411931999999766e+00 -1.552765731999999677e+00 -1.588511931999999849e+00 -7.000000000000000000e+00 -1.041206571160000038e+01
-9.099999999999999201e-01 -9.099999999999999201e-01 -1.212819999999999787e+00 -6.999999999999999556e-01 -9.402820000000000178e+00 -1.003282000000000096e+01
-1.418489799999999912e+00 -6.999999999999999556e-01 -1.002819999999999823e+00 -9.099999999999999201e-01 0.000000000000000000e+00 -7.000000000000000000e+00
-9.099999999999999201e-01 -1.212819999999999787e+00 -1.366665999999999936e+00 -6.999999999999999556e-01 -7.000000000000000000e+00 -9.402820000000000178e+00
0.000000000000000000e+00 0.000000000000000000e+00 0.000000000000000000e+00 0.000000000000000000e+00 0.000000000000000000e+00 0.000000000000000000e+00
-1.303665999999999991e+00 -1.536589600000000111e+00 -1.303665999999999991e+00 -1.457511999999999919e+00 -9.402820000000000178e+00 -7.000000000000000000e+00
-1.476412000000000058e+00 -1.366665999999999936e+00 -1.212819999999999787e+00 -9.099999999999999201e-01 -1.012366600000000005e+01 -9.493665999999999272e+00
-9.099999999999999201e-01 -9.729999999999999760e-01 -1.275819999999999954e+00 -1.212819999999999787e+00 -9.402820000000000178e+00 -7.000000000000000000e+00
-1.946406952369599708e+00 -2.008213587533608013e+00 -2.004130239133119940e+00 -2.078608647257850439e+00 -1.095992864364950314e+01 -1.080735454707999921e+01
0.000000000000000000e+00 0.000000000000000000e+00 0.000000000000000000e+00 0.000000000000000000e+00 0.000000000000000000e+00 0.000000000000000000e+00
-1.823916088959999904e+00 -1.615765731999999844e+00 -2.039979000814467813e+00 -1.623941871999999842e+00 -1.091162813236216067e+01 -9.099999999999999645e+00
-1.918528341365608014e+00 -1.768661765079999837e+00 -1.814028440560000233e+00 -1.665694693599999887e+00 -1.067898432580000012e+01 -9.493665999999999272e+00
-2.076786183647391759e+00 -1.987747020619360150e+00 -2.076146488576511739e+00 -2.086689311766734001e+00 -1.085279935516000016e+01 -9.493665999999999272e+00
-1.748439445479999854e+00 -1.799529418959999960e+00 -1.588511931999999849e+00 -1.679635711599999803e+00 -9.493665999999999272e+00 -7.000000000000000000e+00
0.000000000000000000e+00 0.000000000000000000e+00 0.000000000000000000e+00 0.000000000000000000e+00 0.000000000000000000e+00 0.000000000000000000e+00
-2.176211992796732719e+00 -2.233230894126230215e+00 -2.057201481784673991e+00 -2.040947618335821279e+00 -1.060310174020721874e+01 -9.919000000000000483e+00
-2.041563626684007815e+00 -2.204208433312151882e+00 -2.157631141635278027e+00 -2.052881802300162484e+00 -9.493665999999999272e+00 -1.053275355061719942e+01
-1.275819999999999954e+00 -1.366665999999999936e+00 -1.212819999999999787e+00 -9.099999999999999201e-01 -9.099999999999999645e+00 -7.000000000000000000e+00
-1.675765671999999817e+00 -1.697349471999999970e+00 -1.715065651599999796e+00 -1.875533835263199833e+00 -9.520919799999999711e+00 -1.057778852200000053e+01
0.000000000000000000e+00 0.000000000000000000e+00 0.000000000000000000e+00 0.000000000000000000e+00 0.000000000000000000e+00 0.000000000000000000e+00
-1.536965911599999846e+00 -1.457511999999999919e+00 -1.804038407079999962e+00 -1.607411931999999766e+00 -9.493665999999999272e+00 -9.402820000000000178e+00
-9.099999999999999201e-01 -9.099999999999999201e-01 -9.099999999999999201e-01 -1.366665999999999936e+00 -7.000000000000000000e+00 -7.000000000000000000e+00
-1.212819999999999787e+00 -1.366665999999999936e+00 -1.394511999999999974e+00 -9.729999999999999760e-01 -7.000000000000000000e+00 -1.003282000000000096e+01
-1.294719999999999871e+00 -1.212819999999999787e+00 -1.303665999999999991e+00 -9.729999999999999760e-01 -7.000000000000000000e+00 -7.000000000000000000e+00
0.000000000000000000e+00 0.000000000000000000e+00 0.000000000000000000e+00 0.000000000000000000e+00 0.000000000000000000e+00 0.000000000000000000e+00
-1.385566000000000075e+00 -9.729999999999999760e-01 -1.300389999999999935e+00 -1.275819999999999954e+00 -7.000000000000000000e+00 -1.055832567999999938e+01
-9.099999999999999201e-01 -1.402095940000000152e+00 -1.212819999999999787e+00 -1.366665999999999936e+00 -9.493665999999999272e+00 -7.000000000000000000e+00
-1.385566000000000075e+00 -9.099999999999999201e-01 -1.212819999999999787e+00 -1.366665999999999936e+00 -9.402820000000000178e+00 -7.000000000000000000e+00
-1.832572590604000018e+00 -1.970433390078160096e+00 -2.052489707612008107e+00 -1.997713241581119847e+00 -1.106979567611696780e+01 -1.048679563119999969e+01
0.000000000000000000e+00 0.000000000000000000e+00 0.000000000000000000e+00 0.000000000000000000e+00 0.000000000000000000e+00 0.000000000000000000e+00
-1.833029244843999983e+00 -1.922519353698159961e+00 -2.032349481700467919e+00 -1.933498132362160060e+00 -9.624665931999999202e+00 -1.041206571160000038e+01
-1.866900386931999778e+00 -1.851839382903999853e+00 -1.863743841383199928e+00 -1.795490405799999856e+00 -1.047091973200000048e+01 -7.000000000000000000e+00
-2.010819714989847462e+00 -1.974404776889607582e+00 -1.863743841383199928e+00 -2.051859474243856951e+00 -1.044366593200000004e+01 -7.000000000000000000e+00
-1.960538262570159729e+00 -1.558173399999999820e+00 -1.588511931999999849e+00 -1.615765731999999844e+00 -7.000000000000000000e+00 -7.000000000000000000e+00
0.000000000000000000e+00 0.000000000000000000e+00 0.000000000000000000e+00 0.000000000000000000e+00 0.000000000000000000e+00 0.000000000000000000e+00
-2.037586402249215833e+00 -2.188683318104110764e+00 -2.133300468794918192e+00 -2.095694217007507909e+00 -1.047091973200000048e+01 -1.088351862114680735e+01
-2.059670182693480012e+00 -2.283782420559209658e+00 -2.111242017561083983e+00 -2.095791752615132175e+00 -1.029396591160000085e+01 -1.024176579999999959e+01
-1.457511999999999919e+00 -1.366665999999999936e+00 -1.212819999999999787e+00 -1.303665999999999991e+00 -7.000000000000000000e+00 -9.402820000000000178e+00
-1.615765731999999844e+00 -1.595165891200000186e+00 -1.366665999999999936e+00 -1.787739425079999833e+00 -1.046619573999999986e+01 -1.024176579999999959e+01
0.000000000000000000e+00 0.000000000000000000e+00 0.000000000000000000e+00 0.000000000000000000e+00 0.000000000000000000e+00 0.000000000000000000e+00
-1.800424553199999833e+00 -1.673965711599999739e+00 -1.849061684680000095e+00 -1.476412000000000058e+00 -1.084143452056000001e+01 -1.087166334536800072e+01
-1.303665999999999991e+00 -6.999999999999999556e-01 -6.999999999999999556e-01 -9.099999999999999201e-01 -7.000000000000000000e+00 0.000000000000000000e+00
-1.275819999999999954e+00 -1.393919799999999931e+00 -1.212819999999999787e+00 -1.275819999999999954e+00 -1.012366600000000005e+01 -7.000000000000000000e+00
-9.729999999999999760e-01 -1.651195671999999837e+00 -1.366665999999999936e+00 -1.393919799999999931e+00 -1.021451199999999915e+01 -1.043076579999999964e+01
0.000000000000000000e+00 0.000000000000000000e+00 0.000000000000000000e+00 0.000000000000000000e+00 0.000000000000000000e+00 0.000000000000000000e+00
-1.607411931999999766e+00 -1.476412000000000058e+00 -1.766847871599999786e+00 -1.588511931999999849e+00 -1.062831951159999910e+01 -1.045136569119999947e+01
-1.634665731999999760e+00 -1.588511931999999849e+00 -1.711195611999999810e+00 -1.588511931999999849e+00 -7.000000000000000000e+00 -7.000000000000000000e+00
-1.858796123783200027e+00 -1.831432218279999802e+00 -1.923642243023199860e+00 -1.917138333292000008e+00 -1.092821315840799912e+01 -7.000000000000000000e+00
-2.285316747090319733e+00 -2.306823649302166324e+00 -2.266034040953454287e+00 -2.365364723992055218e+00 -1.116921788707472629e+01 -1.068842657552555941e+01
0.000000000000000000e+00 0.000000000000000000e+00 0.000000000000000000e+00 0.000000000000000000e+00 0.000000000000000000e+00 0.000000000000000000e+00
-1.879792524483999916e+00 -1.898757040541199981e+00 -2.045465095214967999e+00 -1.978515547595994573e+00 -1.068590432834512072e+01 -9.719290967527960845e+00
-2.206529408633999711e+00 -2.251252373186940936e+00 -2.016267584178147665e+00 -2.211604379273553356e+00 -1.096514184607926623e+01 -1.083662913523120075e+01
-1.987182584944900077e+00 -2.253576564025972839e+00 -1.922847281717916523e+00 -1.859694954107199871e+00 -1.092398055152021819e+01 -9.402820000000000178e+00
-1.294719999999999871e+00 -1.275819999999999954e+00 -1.583119711599999757e+00 -1.366665999999999936e+00 -9.520919799999999711e+00 -1.021451199999999915e+01
0.000000000000000000e+00 0.000000000000000000e+00 0.000000000000000000e+00 0.000000000000000000e+00 0.000000000000000000e+00 0.000000000000000000e+00
-2.027823592367900218e+00 -1.821249544659999886e+00 -2.003914964156560341e+00 -1.863743841383199928e+00 -1.015091980000000049e+01 -1.085156850737931933e+01
-2.280277241468119609e+00 -2.208867913839479336e+00 -2.180668609574516914e+00 -2.291430411206275330e+00 -1.111924664553937170e+01 -7.000000000000000000e+00
-1.580195680000000102e+00 -1.679635711599999803e+00 -1.568525811999999853e+00 -1.588511931999999849e+00 -1.053836349999999911e+01 -9.919000000000000483e+00
-1.765261082183199992e+00 -1.555865911599999984e+00 -1.554642880000000060e+00 -1.919405413391199966e+00 -9.701848693599998796e+00 -1.076013461319999998e+01
0.000000000000000000e+00 0.000000000000000000e+00 0.000000000000000000e+00 0.000000000000000000e+00 0.000000000000000000e+00 0.000000000000000000e+00
-1.002819999999999823e+00 -1.476412000000000058e+00 -1.366665999999999936e+00 -1.212819999999999787e+00 -7.000000000000000000e+00 -7.000000000000000000e+00
-1.588511931999999849e+00 -1.503665799999999830e+00 -1.558173399999999820e+00 -1.766439427479999935e+00 -7.000000000000000000e+00 -1.043931951160000082e+01
-9.729999999999999760e-01 -6.999999999999999556e-01 -1.303665999999999991e+00 -9.729999999999999760e-01 0.000000000000000000e+00 -7.000000000000000000e+00
-1.366665999999999936e+00 -1.275819999999999954e+00 -1.212819999999999787e+00 -6.999999999999999556e-01 -7.000000000000000000e+00 -9.099999999999999645e+00
0.000000000000000000e+00 0.000000000000000000e+00 0.000000000000000000e+00 0.000000000000000000e+00 0.000000000000000000e+00 0.000000000000000000e+00
-1.607411931999999766e+00 -1.832709404679999876e+00 -1.664171905479999714e+00 -1.434665931999999700e+00 -9.720636482183200755e+00 -9.402820000000000178e+00
-1.678271811999999752e+00 -1.734143311600000015e+00 -1.533095871999999860e+00 -1.654175818959999766e+00 -7.000000000000000000e+00 -7.000000000000000000e+00
-1.983812313006160011e+00 -1.808518931799999896e+00 -1.661919531999999755e+00 -1.807961744679999816e+00 -9.402820000000000178e+00 -1.095316655236215908e+01
-2.299508534634696399e+00 -2.317675825041439097e+00 -2.207932958497474729e+00 -2.311451336787275324e+00 -1.111689438951197140e+01 -1.083022714263169384e+01
0.000000000000000000e+00 0.000000000000000000e+00 0.000000000000000000e+00 0.000000000000000000e+00 0.000000000000000000e+00 0.000000000000000000e+00
-1.856358982701159732e+00 -2.049008107201054418e+00 -1.951208308823200177e+00 -2.026526949562242663e+00 -7.000000000000000000e+00 -1.085570333476215943e+01
-2.145626534564474497e+00 -2.246764499839707607e+00 -1.895311201084000086e+00 -2.140130058866689389e+00 -1.094023599466184749e+01 -1.091916416640616028e+01
-1.902038038356399730e+00 -2.088513538315845075e+00 -1.924095149136159977e+00 -2.027877756338517745e+00 -1.070678265672400009e+01 -7.000000000000000000e+00
-1.497665931999999867e+00 -1.412819799999999848e+00 -1.655065711600000045e+00 -1.574525679999999817e+00 -1.047861949119999991e+01 -1.032121971159999951e+01
0.000000000000000000e+00 0.000000000000000000e+00 0.000000000000000000e+00 0.000000000000000000e+00 0.000000000000000000e+00 0.000000000000000000e+00
-2.002923372330160046e+00 -1.829355432603999798e+00 -2.025718396174188030e+00 -1.848167141783199963e+00 -9.624665931999999202e+00 -1.062831951159999910e+01
-2.134437427154563860e+00 -2.112814726663735154e+00 -2.101021210980663856e+00 -2.127722110112147735e+00 -9.691219711599998732e+00 -1.027852000000000032e+01
-1.726855645479999701e+00 -1.421765799999999746e+00 -1.385566000000000075e+00 -1.509335800000000116e+00 -1.050634967199999892e+01 -7.000000000000000000e+00
-1.706889511599999798e+00 -1.576265891200000047e+00 -1.762825573599999807e+00 -1.862540204560000134e+00 -9.750485825080000168e+00 -9.493665999999999272e+00
0.000000000000000000e+00 0.000000000000000000e+00 0.000000000000000000e+00 0.000000000000000000e+00 0.000000000000000000e+00 0.000000000000000000e+00
-1.366665999999999936e+00 -1.385566000000000075e+00 -1.303665999999999991e+00 -1.303665999999999769e+00 -9.533819932000000108e+00 -7.000000000000000000e+00
-1.476412000000000058e+00 -1.303665999999999991e+00 -1.482082000000000122e+00 -1.524919731999999861e+00 -1.043076579999999964e+01 -7.000000000000000000e+00
-1.275819999999999954e+00 -1.563843399999999884e+00 -1.002819999999999823e+00 -9.099999999999999201e-01 -7.000000000000000000e+00 -7.000000000000000000e+00
-9.099999999999999201e-01 -6.999999999999999556e-01 -6.999999999999999556e-01 -9.099999999999999201e-01 -7.000000000000000000e+00 -7.000000000000000000e+00
0.000000000000000000e+00 0.000000000000000000e+00 0.000000000000000000e+00 0.000000000000000000e+00 0.000000000000000000e+00 0.000000000000000000e+00
-1.503665799999999830e+00 -1.651195671999999837e+00 -1.530919600000000047e+00 -1.757890082183199754e+00 -9.624665931999999202e+00 -7.000000000000000000e+00
-1.687811851600000024e+00 -1.303665999999999769e+00 -1.366665999999999936e+00 -1.303665999999999769e+00 -1.029396591159999907e+01 -7.000000000000000000e+00
-1.750602416063199884e+00 -1.673965711599999739e+00 -1.484765800000000135e+00 -1.865757362560000132e+00 -1.069319565159999996e+01 -9.493665999999999272e+00
-2.097215996018708228e+00 -2.183879899119640644e+00 -2.140434542711930455e+00 -2.176926866908833968e+00 -1.087435838088851270e+01 -9.651919731999999641e+00
0.000000000000000000e+00 0.000000000000000000e+00 0.000000000000000000e+00 0.000000000000000000e+00 0.000000000000000000e+00 0.000000000000000000e+00
-1.823899221843999996e+00 -1.717276951599999935e+00 -1.744825591599999948e+00 -1.945828114362159855e+00 -9.099999999999999645e+00 -9.529095939999999487e+00
-1.799529418959999738e+00 -1.903759443023199882e+00 -2.039623961419290143e+00 -1.967794207588938304e+00 -1.037276573199999952e+01 -1.070061231400000068e+01
-1.980178617269608088e+00 -2.083923596576514825e+00 -2.117591138905295267e+00 -2.032224152453202315e+00 -1.072399040364400058e+01 -1.055014953999999960e+01
-1.966955260122159821e+00 -1.880638822661492293e+00 -1.821551698959999799e+00 -1.767773291199999930e+00 -7.000000000000000000e+00 -1.045801959999999831e+01
0.000000000000000000e+00 0.000000000000000000e+00 0.000000000000000000e+00 0.000000000000000000e+00 0.000000000000000000e+00 0.000000000000000000e+00
-1.904571243383199830e+00 -1.921810137868347867e+00 -2.083541988219284047e+00 -2.004062649512559968e+00 -1.098834116206590039e+01 -1.048527340000000052e+01
-2.027671189072940194e+00 -2.058988738917332473e+00 -2.012650313916759970e+00 -1.929658793271999961e+00 -1.089146088724119998e+01 -1.102837638761151950e+01
-1.742319451600000013e+00 -1.294719999999999871e+00 -9.729999999999999760e-01 -1.597249653999999852e+00 -7.000000000000000000e+00 -9.493665999999999272e+00
-1.861411166838159881e+00 -1.682141851599999960e+00 -1.752948433599999856e+00 -1.847005538559999938e+00 -1.034551193199999908e+01 -1.012366600000000005e+01
0.000000000000000000e+00 0.000000000000000000e+00 0.000000000000000000e+00 0.000000000000000000e+00 0.000000000000000000e+00 0.000000000000000000e+00
-9.975699999999999568e-01 -1.584185845479999744e+00 -1.434665931999999700e+00 -1.406819931999999884e+00 -1.021451199999999915e+01 -9.402820000000000178e+00
-1.275819999999999954e+00 -9.099999999999999201e-01 -1.366665999999999936e+00 -1.678449471999999831e+00 -9.493665999999999272e+00 -1.022182000000000102e+01
-9.729999999999999760e-01 -9.729999999999999760e-01 -1.212819999999999787e+00 -9.099999999999999201e-01 -9.099999999999999645e+00 -7.000000000000000000e+00
-6.999999999999999556e-01 -1.212819999999999787e+00 -6.999999999999999556e-01 -6.999999999999999556e-01 0.000000000000000000e+00 0.000000000000000000e+00
0.000000000000000000e+00 0.000000000000000000e+00 0.000000000000000000e+00 0.000000000000000000e+00 0.000000000000000000e+00 0.000000000000000000e+00
-1.275819999999999954e+00 -9.729999999999999760e-01 -9.919000000000000039e-01 -1.366665999999999936e+00 -7.000000000000000000e+00 -9.730000000000000426e+00
-9.975699999999999568e-01 -1.366665999999999936e+00 -1.275819999999999954e+00 -1.366665999999999936e+00 -1.043076579999999964e+01 -7.000000000000000000e+00
-1.622419691199999958e+00 -9.099999999999999201e-01 -1.627811911599999828e+00 -1.615765731999999844e+00 -9.402820000000000178e+00 -9.099999999999999645e+00
-2.131104533063964634e+00 -2.104904005590276128e+00 -1.980115597861238363e+00 -2.112594501779870626e+00 -1.069788156564399983e+01 -1.086255911699954879e+01
0.000000000000000000e+00 0.000000000000000000e+00 0.000000000000000000e+00 0.000000000000000000e+00 0.000000000000000000e+00 0.000000000000000000e+00
-1.503665799999999830e+00 -1.648511871999999823e+00 -1.877531367040000010e+00 -1.511841940000000051e+00 -1.047861949119999991e+01 -9.624665931999999202e+00
-2.117040322823251497e+00 -1.883287695555448060e+00 -2.031323992470807749e+00 -1.990138744478247901e+00 -1.047625908936560712e+01 -1.038637600000000027e+01
-2.033196927917847674e+00 -2.110301751889216870e+00 -2.022023679147807673e+00 -2.017749738439707841e+00 -1.114347102221811348e+01 -1.028537187999999958e+01
-1.789795571199999991e+00 -1.818863264680000036e+00 -1.924291134198160114e+00 -1.917036949307199922e+00 -1.071403743295816113e+01 -1.024176579999999959e+01
0.000000000000000000e+00 0.000000000000000000e+00 0.000000000000000000e+00 0.000000000000000000e+00 0.000000000000000000e+00 0.000000000000000000e+00
-2.153904527071958341e+00 -2.088575680139759694e+00 -2.049218547570375915e+00 -2.075044510621261828e+00 -1.082055815630903695e+01 -1.069985756683816014e+01
-2.057710521650815139e+00 -2.072505338295884680e+00 -2.130732245434710403e+00 -2.064291118309167672e+00 -1.103567693823800866e+01 -9.493665999999999272e+00
-1.557095722000000126e+00 -1.212819999999999787e+00 -1.330919799999999764e+00 -1.530919599999999825e+00 -9.624665931999999202e+00 -7.000000000000000000e+00
-1.673965711599999961e+00 -1.613081931999999830e+00 -1.530919600000000047e+00 -1.837694365002159991e+00 -1.064571953200000110e+01 -7.000000000000000000e+00
0.000000000000000000e+00 0.000000000000000000e+00 0.000000000000000000e+00 0.000000000000000000e+00 0.000000000000000000e+00 0.000000000000000000e+00
-1.588511931999999849e+00 -1.530919600000000047e+00 -1.533095871999999860e+00 -1.303665999999999769e+00 -9.663965911600000069e+00 -9.402820000000000178e+00
-1.385566000000000075e+00 -9.729999999999999760e-01 -1.457511999999999919e+00 -1.303665999999999991e+00 -1.021451199999999915e+01 -9.493665999999999272e+00
-9.099999999999999201e-01 -9.729999999999999760e-01 -1.212819999999999787e+00 -1.303665999999999991e+00 -7.000000000000000000e+00 -7.000000000000000000e+00
-1.212819999999999787e+00 -9.099999999999999201e-01 -9.099999999999999201e-01 -6.999999999999999556e-01 -7.000000000000000000e+00 -7.000000000000000000e+00
0.000000000000000000e+00 0.000000000000000000e+00 0.000000000000000000e+00 0.000000000000000000e+00 0.000000000000000000e+00 0.000000000000000000e+00
-1.385566000000000075e+00 -1.512019600000000130e+00 -1.530919599999999825e+00 -1.366665999999999936e+00 -9.493665999999999272e+00 -9.520919799999999711e+00
-1.303665999999999991e+00 -1.294719999999999871e+00 -6.999999999999999556e-01 -1.394511999999999974e+00 -9.730000000000000426e+00 -9.099999999999999645e+00
-1.476412000000000058e+00 -1.303665999999999991e+00 -1.366665999999999936e+00 -1.393919799999999931e+00 -9.493665999999999272e+00 -9.099999999999999645e+00
-2.012301385146808119e+00 -1.847900672800000033e+00 -1.863743841383199928e+00 -2.080184464766060337e+00 -1.082613696730719965e+01 -7.000000000000000000e+00
0.000000000000000000e+00 0.000000000000000000e+00 0.000000000000000000e+00 0.000000000000000000e+00 0.000000000000000000e+00 0.000000000000000000e+00
-1.710431295999999879e+00 -1.886362088657200120e+00 -1.588511931999999849e+00 -1.697349471999999970e+00 -1.073925457360000024e+01 -9.402820000000000178e+00
-1.857693388767999831e+00 -2.062820489433927929e+00 -2.009697902813607939e+00 -2.024569117002760432e+00 -1.025466593199999998e+01 -1.081029664733200057e+01
-1.829242539123999700e+00 -1.942499055941079966e+00 -1.921711430741199989e+00 -2.113856207338537629e+00 -1.083895205772399883e+01 -1.096713111635864912e+01
-2.014424496316002511e+00 -1.858795532439999842e+00 -2.061358444986860050e+00 -1.907672976558159927e+00 -7.000000000000000000e+00 -7.000000000000000000e+00
0.000000000000000000e+00 0.000000000000000000e+00 0.000000000000000000e+00 0.000000000000000000e+00 0.000000000000000000e+00 0.000000000000000000e+00
-1.981899903155199816e+00 -1.988038993368399954e+00 -1.904178243587199892e+00 -2.135092110025740730e+00 -1.080860617380040090e+01 -1.047206017380040066e+01
-2.062588457167000122e+00 -2.094248892646836335e+00 -2.125869207241571690e+00 -2.054622066923608159e+00 -1.086273976406832098e+01 -9.919000000000000483e+00
-1.212819999999999787e+00 -1.275819999999999954e+00 -1.476412000000000058e+00 -1.516565931999999783e+00 -7.000000000000000000e+00 -7.000000000000000000e+00
-1.385565999999999853e+00 -1.530919599999999825e+00 -1.457511999999999919e+00 -1.615765731999999844e+00 -1.024176579999999959e+01 -9.402820000000000178e+00
0.000000000000000000e+00 0.000000000000000000e+00 0.000000000000000000e+00 0.000000000000000000e+00 0.000000000000000000e+00 0.000000000000000000e+00
-1.801585565079999895e+00 -1.748695631200000156e+00 -1.648511871999999823e+00 -1.366665999999999936e+00 -7.000000000000000000e+00 -7.000000000000000000e+00
-1.303665999999999991e+00 -9.729999999999999760e-01 -1.212819999999999787e+00 -1.275819999999999954e+00 -7.000000000000000000e+00 -7.000000000000000000e+00
-9.099999999999999201e-01 -1.484765800000000135e+00 -9.099999999999999201e-01 -1.212819999999999787e+00 -7.000000000000000000e+00 -9.402820000000000178e+00
-1.275819999999999954e+00 -1.512019600000000130e+00 -6.999999999999999556e-01 0.000000000000000000e+00 0.000000000000000000e+00 -7.000000000000000000e+00
0.000000000000000000e+00 0.000000000000000000e+00 0.000000000000000000e+00 0.000000000000000000e+00 0.000000000000000000e+00 0.000000000000000000e+00
-1.830113861783200013e+00 -1.742319451599999791e+00 -1.863743841383199928e+00 -1.882254123383199973e+00 -9.807156395663200854e+00 -1.012366600000000005e+01
-1.607411931999999766e+00 -1.767773291199999930e+00 -1.634665731999999760e+00 -1.588511931999999849e+00 -9.624665931999999202e+00 -9.624665931999999202e+00
-1.782791707479999710e+00 -1.980731892499359770e+00 -1.971084286042647626e+00 -2.009697902813607939e+00 -1.050123569265584678e+01 -1.061933549265584809e+01
-2.264962565132924599e+00 -2.322060614054666683e+00 -2.274694755097681487e+00 -2.367536928385610029e+00 -1.129647215839304941e+01 -1.079313524681647074e+01
0.000000000000000000e+00 0.000000000000000000e+00 0.000000000000000000e+00 0.000000000000000000e+00 0.000000000000000000e+00 0.000000000000000000e+00
-1.873844099663199980e+00 -1.971350617262235927e+00 -1.946313414198159952e+00 -1.995070713133120011e+00 -1.067691996022679390e+01 -7.000000000000000000e+00
-2.030402417215479982e+00 -2.184061282006581450e+00 -2.076232128216568107e+00 -2.163484801077147690e+00 -1.043076579999999964e+01 -7.000000000000000000e+00
-1.808928101679999845e+00 -2.080009022959132814e+00 -1.931248121571159881e+00 -1.981949329679199900e+00 -1.036936599999999942e+01 -1.096315002810916006e+01
-1.516565931999999783e+00 -9.729999999999999760e-01 -1.275819999999999954e+00 -1.484765799999999913e+00 -9.402820000000000178e+00 -9.730000000000000426e+00
0.000000000000000000e+00 0.000000000000000000e+00 0.000000000000000000e+00 0.000000000000000000e+00 0.000000000000000000e+00 0.000000000000000000e+00
-2.013849924108567890e+00 -2.069709077812011966e+00 -2.099810250061170613e+00 -2.065378738197332531e+00 -1.088090612138319990e+01 -1.114734970196876951e+01
-2.184728842976819685e+00 -2.191986566744582809e+00 -2.279506611917119230e+00 -2.149460490168825455e+00 -1.108737381700030156e+01 -1.046527548564399979e+01
-1.607411931999999766e+00 -9.975699999999999568e-01 -1.366665999999999936e+00 -1.212819999999999787e+00 -1.051225466200000014e+01 -7.000000000000000000e+00
-1.673965711599999739e+00 -1.856404221280000044e+00 -1.701219511599999956e+00 -1.588511931999999849e+00 -7.000000000000000000e+00 -1.057225736683816031e+01
0.000000000000000000e+00 0.000000000000000000e+00 0.000000000000000000e+00 0.000000000000000000e+00 0.000000000000000000e+00 0.000000000000000000e+00
-1.681847011599999941e+00 -9.729999999999999760e-01 -9.975699999999999568e-01 -1.385566000000000075e+00 -1.036936600000000119e+01 -7.000000000000000000e+00
-1.588511931999999849e+00 -1.634665731999999760e+00 -1.588511931999999849e+00 -1.588511931999999849e+00 -9.624665931999999202e+00 -7.000000000000000000e+00
-9.099999999999999201e-01 -9.099999999999999201e-01 -6.999999999999999556e-01 -6.999999999999999556e-01 -7.000000000000000000e+00 -7.000000000000000000e+00
-1.516565931999999783e+00 -1.366665999999999936e+00 -1.634665731999999760e+00 -1.701219511599999734e+00 -9.919000000000000483e+00 -1.012366600000000005e+01
0.000000000000000000e+00 0.000000000000000000e+00 0.000000000000000000e+00 0.000000000000000000e+00 0.000000000000000000e+00 0.000000000000000000e+00
-1.484765799999999913e+00 -1.694843332000000036e+00 -1.634665731999999760e+00 -1.588511931999999849e+00 -1.034551193199999908e+01 -7.000000000000000000e+00
-1.572395851599999839e+00 -1.511036800000000069e+00 -1.484765799999999913e+00 -1.530919600000000047e+00 -1.012366600000000005e+01 -9.919000000000000483e+00
-1.755606041979999921e+00 -1.951551412362159788e+00 -1.949415147373119828e+00 -2.036104278095900444e+00 -1.082473999383645236e+01 -1.087326385383645189e+01
-2.307821742439931878e+00 -2.288692300628303755e+00 -2.155110272582132058e+00 -2.213096463603366093e+00 -1.106831269655912564e+01 -1.039661979999999986e+01
0.000000000000000000e+00 0.000000000000000000e+00 0.000000000000000000e+00 0.000000000000000000e+00 0.000000000000000000e+00 0.000000000000000000e+00
-2.139170236659392099e+00 -1.523132690379999987e+00 -1.738052587599999921e+00 -1.872751207624359759e+00 -1.086661473558388025e+01 -1.053372284364400002e+01
-2.132690964628463526e+00 -2.069168110988775844e+00 -2.078477392042743954e+00 -2.003365797145720162e+00 -1.066207181200000065e+01 -1.070813073399999915e+01
-2.039843846930948779e+00 -2.094414967627728164e+00 -1.972832901645759973e+00 -2.089350390885114983e+00 -9.756066422183199194e+00 -1.091231206069535453e+01
-1.530919600000000047e+00 -1.457511999999999919e+00 -1.830653258559999941e+00 -1.757890082183199976e+00 -1.012366600000000005e+01 -9.624665931999999202e+00
0.000000000000000000e+00 0.000000000000000000e+00 0.000000000000000000e+00 0.000000000000000000e+00 0.000000000000000000e+00 0.000000000000000000e+00
-1.969498442867199994e+00 -1.923720017127999782e+00 -1.851567824680000030e+00 -1.863743841383199928e+00 -1.091277780374320017e+01 -1.050803626178320016e+01
-2.078921354361132234e+00 -2.213518158327959284e+00 -2.145994727494609844e+00 -2.077887129393543919e+00 -9.750485825080000168e+00 -9.759680276063200211e+00
-1.855198513167999774e+00 -1.536965911599999846e+00 -1.604400796600000012e+00 -1.735031785479999700e+00 -1.012366600000000005e+01 -1.022182000000000102e+01
-1.833881680960000038e+00 -1.896192172057119985e+00 -1.675765671999999817e+00 -1.588511931999999849e+00 -1.034551193199999908e+01 -1.055298756399999860e+01
0.000000000000000000e+00 0.000000000000000000e+00 0.000000000000000000e+00 0.000000000000000000e+00 0.000000000000000000e+00 0.000000000000000000e+00
-6.999999999999999556e-01 -6.999999999999999556e-01 -9.729999999999999760e-01 -6.999999999999999556e-01 -7.000000000000000000e+00 -7.000000000000000000e+00
-1.275819999999999954e+00 -9.919000000000000039e-01 -1.275819999999999954e+00 -1.457511999999999919e+00 -1.021451199999999915e+01 -1.053683260000000033e+01
-1.275819999999999954e+00 -1.457511999999999919e+00 -1.303665999999999769e+00 -1.212819999999999787e+00 -1.025466593199999998e+01 -9.919000000000000483e+00
-1.275819999999999954e+00 -6.999999999999999556e-01 -6.999999999999999556e-01 -6.999999999999999556e-01 0.000000000000000000e+00 0.000000000000000000e+00
0.000000000000000000e+00 0.000000000000000000e+00 0.000000000000000000e+00 0.000000000000000000e+00 0.000000000000000000e+00 0.000000000000000000e+00
-1.752196591599999742e+00 -1.682319511599999817e+00 -1.588511931999999849e+00 -1.516565931999999783e+00 -9.402820000000000178e+00 -7.000000000000000000e+00
-1.583119711599999757e+00 -1.533095871999999860e+00 -1.715065651600000241e+00 -1.747278433600000014e+00 -1.003282000000000096e+01 -1.021451199999999915e+01
-2.070658439146376928e+00 -1.768661765080000059e+00 -1.767773291199999930e+00 -1.709395651599999955e+00 -1.099097555319080755e+01 -1.100431227479824159e+01
-2.279752496979429388e+00 -2.191008304519405758e+00 -2.209015195503714502e+00 -2.199715426522877770e+00 -1.043076579999999964e+01 -1.097360803715574917e+01
0.000000000000000000e+00 0.000000000000000000e+00 0.000000000000000000e+00 0.000000000000000000e+00 0.000000000000000000e+00 0.000000000000000000e+00
-1.828668682959999847e+00 -1.715349454000000051e+00 -1.601142941607999859e+00 -1.857249694114359695e+00 -1.041637181199999951e+01 -1.059840165958000036e+01
-1.926808489834647586e+00 -1.930378774408000098e+00 -2.034468774658095835e+00 -2.041365509141055856e+00 -1.097305975647952003e+01 -1.096767593040615907e+01
-2.066121794977676895e+00 -2.071430945709042071e+00 -2.065378738197332531e+00 -2.148877642886905637e+00 -1.075154386178319932e+01 -1.090466311679639411e+01
-1.789795571199999769e+00 -1.843338386679999941e+00 -1.981606540122160087e+00 -1.721619491199999796e+00 -7.000000000000000000e+00 -7.000000000000000000e+00
0.000000000000000000e+00 0.000000000000000000e+00 0.000000000000000000e+00 0.000000000000000000e+00 0.000000000000000000e+00 0.000000000000000000e+00
-1.661919531999999755e+00 -1.755401275600000144e+00 -1.801585565079999895e+00 -2.061812393371527996e+00 -1.022182000000000102e+01 -1.054500874000000010e+01
-2.188640768313933727e+00 -2.086049985520772143e+00 -2.098343897367525024e+00 -2.212136469013726181e+00 -1.097529718629712470e+01 -9.691219711599998732e+00
-1.613081931999999830e+00 -1.511036800000000069e+00 -1.701219511599999956e+00 -1.698707302583199796e+00 -1.015909594000000027e+01 -9.493665999999999272e+00
-2.082042789580650144e+00 -1.661919531999999755e+00 -1.701219511599999956e+00 -1.836490041383199934e+00 -7.000000000000000000e+00 -1.027852000000000032e+01
0.000000000000000000e+00 0.000000000000000000e+00 0.000000000000000000e+00 0.000000000000000000e+00 0.000000000000000000e+00 0.000000000000000000e+00
-6.999999999999999556e-01 -1.483783000000000074e+00 -9.919000000000000039e-01 -6.999999999999999556e-01 -9.099999999999999645e+00 -7.000000000000000000e+00
-1.546466739999999840e+00 -1.303665999999999991e+00 -1.212819999999999787e+00 -9.099999999999999201e-01 -1.031266600000000011e+01 -7.000000000000000000e+00
-9.099999999999999201e-01 -9.099999999999999201e-01 -1.212819999999999787e+00 -1.212819999999999787e+00 -9.730000000000000426e+00 -7.000000000000000000e+00
-6.999999999999999556e-01 -9.099999999999999201e-01 -6.999999999999999556e-01 0.000000000000000000e+00 0.000000000000000000e+00 0.000000000000000000e+00
0.000000000000000000e+00 0.000000000000000000e+00 0.000000000000000000e+00 0.000000000000000000e+00 0.000000000000000000e+00 0.000000000000000000e+00
-9.729999999999999760e-01 -1.385566000000000075e+00 -9.729999999999999760e-01 -1.212819999999999787e+00 -9.402820000000000178e+00 -7.000000000000000000e+00
-1.385566000000000075e+00 -1.391235999999999917e+00 -1.484765800000000135e+00 -1.212819999999999787e+00 -9.099999999999999645e+00 -7.000000000000000000e+00
-1.838290001783200012e+00 -1.476412000000000058e+00 -1.457511999999999919e+00 -1.807073270799999909e+00 -9.624665931999999202e+00 -9.099999999999999645e+00
-2.093949968864780242e+00 -1.953580861128399793e+00 -2.060390632244056164e+00 -2.116707869421844634e+00 -1.070034650364399909e+01 -9.997813000000000727e+00
0.000000000000000000e+00 0.000000000000000000e+00 0.000000000000000000e+00 0.000000000000000000e+00 0.000000000000000000e+00 0.000000000000000000e+00
-1.679635711599999803e+00 -1.682319511599999817e+00 -1.697349471999999970e+00 -1.536589599999999889e+00 -1.074986622218320065e+01 -9.720636482183200755e+00
-2.100226797281663949e+00 -2.077264165277858510e+00 -1.945587866513200037e+00 -2.053484121242730165e+00 -1.025466593199999998e+01 -1.047437187999999963e+01
-2.048440729045530428e+00 -2.157943168103122478e+00 -2.169234334184184654e+00 -2.158020419354942820e+00 -1.109702496884409229e+01 -1.110386002256353422e+01
-1.911047109143199974e+00 -2.011372081944567736e+00 -1.880702978958159965e+00 -1.851029226843999842e+00 -1.036051969120000038e+01 -7.000000000000000000e+00
0.000000000000000000e+00 0.000000000000000000e+00 0.000000000000000000e+00 0.000000000000000000e+00 0.000000000000000000e+00 0.000000000000000000e+00
-2.111788805397666557e+00 -2.109723514863284244e+00 -2.028727651691759171e+00 -2.144016347954843749e+00 -1.084184031252615910e+01 -9.750485825080000168e+00
-1.928485538998647719e+00 -2.148539607835245224e+00 -2.101698747766290065e+00 -1.946313414198159952e+00 -1.114753761088205941e+01 -1.108690231452017549e+01
-1.615765731999999844e+00 -1.673965711599999739e+00 -1.675765671999999817e+00 -1.701219511599999956e+00 -1.003282000000000096e+01 -1.071703182508000118e+01
-1.740519491199999935e+00 -1.744825591599999948e+00 -1.713265691199999941e+00 -1.781619431200000214e+00 -7.000000000000000000e+00 -9.730000000000000426e+00
0.000000000000000000e+00 0.000000000000000000e+00 0.000000000000000000e+00 0.000000000000000000e+00 0.000000000000000000e+00 0.000000000000000000e+00
-1.865172921640000148e+00 -1.646711911599999745e+00 -1.563843399999999884e+00 -1.588511931999999849e+00 -9.624665931999999202e+00 -1.012366600000000005e+01
-1.212819999999999787e+00 -9.919000000000000039e-01 -9.729999999999999760e-01 -1.366665999999999936e+00 -7.000000000000000000e+00 -7.000000000000000000e+00
-1.588511931999999849e+00 -1.275819999999999954e+00 -1.484765799999999913e+00 -1.212819999999999787e+00 -9.402820000000000178e+00 -7.000000000000000000e+00
-9.099999999999999201e-01 -9.099999999999999201e-01 -9.099999999999999201e-01 -1.212819999999999787e+00 -9.099999999999999645e+00 -7.000000000000000000e+00
0.000000000000000000e+00 0.000000000000000000e+00 0.000000000000000000e+00 0.000000000000000000e+00 0.000000000000000000e+00 0.000000000000000000e+00
-9.729999999999999760e-01 -1.303665999999999991e+00 -9.099999999999999201e-01 -1.558173399999999820e+00 -7.000000000000000000e+00 -7.000000000000000000e+00
-1.366665999999999936e+00 -1.275819999999999954e+00 -1.366665999999999936e+00 -1.294719999999999871e+00 -7.000000000000000000e+00 -1.021451199999999915e+01
-9.919000000000000039e-01 -9.099999999999999201e-01 -1.212819999999999787e+00 -1.497665931999999867e+00 -9.099999999999999645e+00 -7.000000000000000000e+00
-1.964480587828359992e+00 -2.052022928456198159e+00 -2.034468774658095835e+00 -2.144182510687630216e+00 -1.082159738296000029e+01 -1.050162568000000007e+01
0.000000000000000000e+00 0.000000000000000000e+00 0.000000000000000000e+00 0.000000000000000000e+00 0.000000000000000000e+00 0.000000000000000000e+00
-1.681336711599999756e+00 -1.784671311723999843e+00 -1.652665713999999841e+00 -1.766066222183199752e+00 -1.041873280000000079e+01 -1.075073859159999934e+01
-1.996771713133119963e+00 -2.045145816947967710e+00 -1.938447825798399915e+00 -1.574525680000000039e+00 -9.624665931999999202e+00 -1.093066047474352054e+01
-2.015687742977608110e+00 -2.018931841905042379e+00 -2.075791552618890368e+00 -2.162723008037342964e+00 -1.091046712048215994e+01 -1.072926069485754397e+01
-1.907099196855999823e+00 -1.818613557123999858e+00 -1.863743841383199928e+00 -1.993035053630319853e+00 -1.003282000000000096e+01 -7.000000000000000000e+00
0.000000000000000000e+00 0.000000000000000000e+00 0.000000000000000000e+00 0.000000000000000000e+00 0.000000000000000000e+00 0.000000000000000000e+00
-2.151836524401478101e+00 -1.971906861324399962e+00 -2.019841584977607685e+00 -1.997427809122647835e+00 -1.099077956544621770e+01 -1.057730579207058419e+01
-1.947040221515199843e+00 -2.146574431208435829e+00 -1.964165092388799660e+00 -1.840690061601999883e+00 -1.079440245116800057e+01 -1.050443865116799991e+01
-1.634665731999999760e+00 -1.385566000000000075e+00 -1.588511931999999849e+00 -1.303665999999999769e+00 -7.000000000000000000e+00 -9.520919799999999711e+00
-1.634665731999999760e+00 -1.643019531999999838e+00 -1.701219511599999956e+00 -1.823425550800000128e+00 -7.000000000000000000e+00 -9.402820000000000178e+00
0.000000000000000000e+00 0.000000000000000000e+00 0.000000000000000000e+00 0.000000000000000000e+00 0.000000000000000000e+00 0.000000000000000000e+00
-1.832572590603999796e+00 -1.503665800000000052e+00 -1.701219511599999956e+00 -1.786518454839999936e+00 -9.493665999999999272e+00 -9.691219711599998732e+00
-1.366665999999999936e+00 -1.275819999999999954e+00 -9.099999999999999201e-01 -1.303665999999999991e+00 -9.402820000000000178e+00 -7.000000000000000000e+00
-1.588511931999999849e+00 -1.366665999999999936e+00 -1.412819799999999848e+00 -1.497665931999999867e+00 -9.402820000000000178e+00 -7.000000000000000000e+00
-9.729999999999999760e-01 -9.099999999999999201e-01 -1.212819999999999787e+00 -9.099999999999999201e-01 -7.000000000000000000e+00 -7.000000000000000000e+00
0.000000000000000000e+00 0.000000000000000000e+00 0.000000000000000000e+00 0.000000000000000000e+00 0.000000000000000000e+00 0.000000000000000000e+00
-1.946313414198159952e+00 -1.931765085023199990e+00 -2.106028170923538223e+00 -1.863743841383199928e+00 -9.402820000000000178e+00 -9.402820000000000178e+00
-1.701219511599999956e+00 -1.797190061783199955e+00 -1.588511931999999849e+00 -1.366665999999999936e+00 -7.000000000000000000e+00 -7.000000000000000000e+00
-1.412819799999999848e+00 -1.914704274762159653e+00 -1.530919599999999825e+00 -1.588511931999999849e+00 -9.730000000000000426e+00 -1.068371558547999989e+01
-2.231243604316637708e+00 -2.290350137120005236e+00 -2.320234600397300007e+00 -2.228461707598106578e+00 -1.121165947310751143e+01 -1.108940544091629121e+01
0.000000000000000000e+00 0.000000000000000000e+00 0.000000000000000000e+00 0.000000000000000000e+00 0.000000000000000000e+00 0.000000000000000000e+00
-1.824443861783199949e+00 -1.889379975263199896e+00 -1.745175467644000111e+00 -1.901709957263199913e+00 -9.999343899999999508e+00 -9.730000000000000426e+00
-2.113451932075328443e+00 -2.120406688604065337e+00 -2.045298671520495937e+00 -1.992389901480159820e+00 -1.098462428552637249e+01 -1.068255457360000094e+01
-1.588511931999999849e+00 -1.989126449903319882e+00 -1.922516550762388032e+00 -1.781619431200000214e+00 -1.753971268713999887e+00 -1.021451199999999915e+01
-1.588511931999999849e+00 -1.303665999999999769e+00 -1.648511871999999823e+00 -1.588511931999999849e+00 -1.679635711599999803e+00 -1.047091973199999870e+01
0.000000000000000000e+00 0.000000000000000000e+00 0.000000000000000000e+00 0.000000000000000000e+00 0.000000000000000000e+00 0.000000000000000000e+00
-2.043251634196527888e+00 -2.079376126354532506e+00 -2.043594461427316045e+00 -1.897556115263199672e+00 -1.766155625079999680e+00 -1.080113872340960768e+01
-2.178944385011883256e+00 -2.018011811184930338e+00 -2.125869207241571690e+00 -2.131530140857239797e+00 -1.074579356071816072e+01 -9.972991909518601261e+00
-1.831695381123999766e+00 -1.566349540000000040e+00 -1.588511931999999849e+00 -1.735031785479999700e+00 -1.071483942507999920e+01 -9.624665931999999202e+00
-1.588511931999999849e+00 -1.824443861783199949e+00 -1.212819999999999787e+00 -1.366665999999999936e+00 -9.624665931999999202e+00 -1.034551193199999908e+01
0.000000000000000000e+00 0.000000000000000000e+00 0.000000000000000000e+00 0.000000000000000000e+00 0.000000000000000000e+00 0.000000000000000000e+00
-1.701219511599999956e+00 -1.511746117000000167e+00 -1.503665800000000052e+00 -1.701219511599999956e+00 -7.000000000000000000e+00 -1.729795631200000017e+00
-1.652665713999999841e+00 -1.634665731999999760e+00 -1.588511931999999849e+00 -1.366665999999999936e+00 -1.047861949119999991e+01 -1.393919799999999931e+00
-9.099999999999999201e-01 -6.999999999999999556e-01 -6.999999999999999556e-01 -6.999999999999999556e-01 -7.000000000000000000e+00 1.400000000000000000e+01
-1.588511931999999849e+00 -1.661919531999999755e+00 -1.787739425079999833e+00 -1.588511931999999849e+00 -1.041206571160000038e+01 -1.426665939999999910e+00
0.000000000000000000e+00 0.000000000000000000e+00 0.000000000000000000e+00 0.000000000000000000e+00 0.000000000000000000e+00 0.000000000000000000e+00
-1.212819999999999787e+00 -1.522235931999999847e+00 -1.303665999999999991e+00 -1.212819999999999787e+00 -9.493665999999999272e+00 -1.012366600000000005e+01
-1.457511999999999919e+00 -1.385565999999999853e+00 -1.649756825079999878e+00 -1.728473311599999729e+00 -9.402820000000000178e+00 -1.051737593200000020e+01
-1.960687011824547854e+00 -1.948766256198160018e+00 -1.988913210570159906e+00 -1.863743841383199928e+00 -1.045801959999999831e+01 -1.060619026178320112e+01
-2.342681201655304246e+00 -2.249341264990214473e+00 -2.301685646838220300e+00 -2.213096463603366093e+00 -1.122921573967906994e+01 -1.094775540792927160e+01
0.000000000000000000e+00 0.000000000000000000e+00 0.000000000000000000e+00 0.000000000000000000e+00 0.000000000000000000e+00 0.000000000000000000e+00
-2.094398625002991565e+00 -1.880284051335507689e+00 -2.006835132047199988e+00 -1.958398057339359788e+00 -7.000000000000000000e+00 -1.060903064157999864e+01
-2.032533548668167711e+00 -2.065576464329070827e+00 -2.098533785995114975e+00 -2.136399304862663495e+00 -7.000000000000000000e+00 -1.119621729124520471e+01
-2.078876650988636943e+00 -2.113019477323720086e+00 -1.882556059804000093e+00 -2.152830289622467141e+00 -1.025466593199999998e+01 -7.000000000000000000e+00
-1.366665999999999936e+00 -1.812743270799999973e+00 -1.497665931999999867e+00 -1.212819999999999787e+00 -7.000000000000000000e+00 -9.402820000000000178e+00
0.000000000000000000e+00 0.000000000000000000e+00 0.000000000000000000e+00 0.000000000000000000e+00 0.000000000000000000e+00 0.000000000000000000e+00
-1.736649451599999949e+00 -1.902629511376720206e+00 -1.909886097263199911e+00 -1.715065651599999796e+00 -1.073991229359999977e+01 -9.660095871999999417e+00
-2.100679707662912232e+00 -2.186881767864540915e+00 -2.126447103573534392e+00 -2.009697902813607939e+00 -1.037230968507999940e+01 -1.096603298092826329e+01
-1.588511931999999849e+00 -1.735031785479999700e+00 -1.673965711599999739e+00 -1.648511871999999823e+00 -1.055014953999999960e+01 -1.052454159912399945e+01
-1.831695381123999988e+00 -1.727395633599999814e+00 -1.951603451998647820e+00 -1.715065651600000241e+00 -1.051021971159999957e+01 -1.046619573999999986e+01
0.000000000000000000e+00 0.000000000000000000e+00 0.000000000000000000e+00 0.000000000000000000e+00 0.000000000000000000e+00 0.000000000000000000e+00
-6.999999999999999556e-01 -6.999999999999999556e-01 0.000000000000000000e+00 0.000000000000000000e+00 -7.000000000000000000e+00 -7.000000000000000000e+00
-6.999999999999999556e-01 -1.566349540000000040e+00 -6.999999999999999556e-01 -1.366665999999999936e+00 -9.402820000000000178e+00 -9.099999999999999645e+00
-1.385566000000000075e+00 -1.588511931999999849e+00 -1.275819999999999954e+00 -1.588511931999999849e+00 -7.000000000000000000e+00 -7.000000000000000000e+00
-1.503665800000000052e+00 -9.729999999999999760e-01 -9.729999999999999760e-01 -1.212819999999999787e+00 -9.493665999999999272e+00 -7.000000000000000000e+00
0.000000000000000000e+00 0.000000000000000000e+00 0.000000000000000000e+00 0.000000000000000000e+00 0.000000000000000000e+00 0.000000000000000000e+00
-1.588511931999999849e+00 -1.738812422183199757e+00 -1.728473311599999729e+00 -1.511841940000000051e+00 -9.402820000000000178e+00 -1.003282000000000096e+01
-1.701219511599999956e+00 -1.710461785479999719e+00 -1.536965911599999846e+00 -1.814425847079999876e+00 -9.573119911599999199e+00 -1.058903271159999981e+01
-1.976423230242159823e+00 -2.003222762813607893e+00 -2.035105385006100498e+00 -2.041065822194400248e+00 -7.000000000000000000e+00 -9.716102272927958694e+00
-2.218474323918465885e+00 -2.270752172249790313e+00 -2.269158331774980830e+00 -2.301055320173413854e+00 -1.046131332819999926e+01 -1.083788568528819951e+01
0.000000000000000000e+00 0.000000000000000000e+00 0.000000000000000000e+00 0.000000000000000000e+00 0.000000000000000000e+00 0.000000000000000000e+00
-1.833313763553999998e+00 -1.776417697599999901e+00 -1.843727735241699861e+00 -1.974264965845143882e+00 -1.054972833459999926e+01 -1.081096840096000022e+01
-2.075522420361332276e+00 -2.018660384572720012e+00 -2.156348515293474932e+00 -2.167849473803732607e+00 -1.116800495047798947e+01 -1.071700239566320079e+01
-2.057872278146876788e+00 -2.142346283450640598e+00 -2.172304683601249398e+00 -2.067606922744046560e+00 -1.122348812271835961e+01 -1.096270918284087692e+01
-1.701219511599999956e+00 -1.673965711599999961e+00 -1.954489554198159729e+00 -1.607411931999999766e+00 -7.000000000000000000e+00 -9.651919731999999641e+00
0.000000000000000000e+00 0.000000000000000000e+00 0.000000000000000000e+00 0.000000000000000000e+00 0.000000000000000000e+00 0.000000000000000000e+00
-1.815249410800000129e+00 -1.909346109143199799e+00 -1.648511871999999823e+00 -1.742319451600000013e+00 -9.402820000000000178e+00 -9.738695831200001152e+00
-2.169020065994670343e+00 -2.213058217125601246e+00 -2.029851718352079892e+00 -2.129630975828606498e+00 -9.402820000000000178e+00 -9.978113853359110053e+00
-1.614782931999999782e+00 -1.574525680000000261e+00 -1.588511931999999849e+00 -1.530919599999999825e+00 -9.402820000000000178e+00 -7.000000000000000000e+00
-2.049500398879527729e+00 -1.878631512603999854e+00 -2.101568436165284659e+00 -1.930154112905200003e+00 -1.091399695994456920e+01 -1.103362023904352895e+01
0.000000000000000000e+00 0.000000000000000000e+00 0.000000000000000000e+00 0.000000000000000000e+00 0.000000000000000000e+00 0.000000000000000000e+00
-6.999999999999999556e-01 -6.999999999999999556e-01 0.000000000000000000e+00 0.000000000000000000e+00 -7.000000000000000000e+00 0.000000000000000000e+00
-1.420190799999999864e+00 -1.294719999999999871e+00 -9.992710000000000203e-01 -1.393919799999999931e+00 -9.730000000000000426e+00 -9.520919799999999711e+00
-1.212819999999999787e+00 -6.999999999999999556e-01 -6.999999999999999556e-01 -1.516565931999999783e+00 -9.402820000000000178e+00 -9.402820000000000178e+00
-6.999999999999999556e-01 -6.999999999999999556e-01 0.000000000000000000e+00 -1.366665999999999936e+00 -9.099999999999999645e+00 -9.099999999999999645e+00
0.000000000000000000e+00 0.000000000000000000e+00 0.000000000000000000e+00 0.000000000000000000e+00 0.000000000000000000e+00 0.000000000000000000e+00
-9.729999999999999760e-01 -1.275819999999999954e+00 -9.729999999999999760e-01 -9.099999999999999201e-01 -7.000000000000000000e+00 -7.000000000000000000e+00
-1.212819999999999787e+00 -1.497665931999999867e+00 -1.503665800000000052e+00 -1.212819999999999787e+00 -9.099999999999999645e+00 -9.402820000000000178e+00
-1.863743841383199928e+00 -1.735844311599999745e+00 -1.754365631199999775e+00 -1.588511931999999849e+00 -1.056994187199999935e+01 -7.000000000000000000e+00
-2.065378738197332531e+00 -2.027650049089302353e+00 -2.055925528969227756e+00 -1.863743841383199928e+00 -1.102354260431733124e+01 -1.071776149359999941e+01
0.000000000000000000e+00 0.000000000000000000e+00 0.000000000000000000e+00 0.000000000000000000e+00 0.000000000000000000e+00 0.000000000000000000e+00
-1.946313414198159952e+00 -1.744482422183199599e+00 -1.968060987733119882e+00 -1.863743841383199928e+00 -1.075974943119999949e+01 -1.094145341419815942e+01
-1.977760897287028197e+00 -2.010031371121530075e+00 -2.093716691756972725e+00 -2.116335319445663998e+00 -1.046657295366675910e+01 -7.000000000000000000e+00
-2.017040439413607888e+00 -2.170882124049304363e+00 -2.060542176626123823e+00 -2.152315815379552522e+00 -1.012366600000000005e+01 -1.085023012231815898e+01
-1.998607711297119893e+00 -2.004525952087412133e+00 -1.900008957263199960e+00 -1.969816546242159738e+00 -7.000000000000000000e+00 -1.056033055888216055e+01
0.000000000000000000e+00 0.000000000000000000e+00 0.000000000000000000e+00 0.000000000000000000e+00 0.000000000000000000e+00 0.000000000000000000e+00
-2.092520135505138601e+00 -2.179066624866694557e+00 -2.118072070828626696e+00 -2.125869207241571690e+00 -9.099999999999999645e+00 -1.000323356144893872e+01
-1.831695381123999988e+00 -1.978277687658160033e+00 -1.813375558959999800e+00 -1.971084286042647626e+00 -1.866759684143200149e+00 -1.067553944548000011e+01
-1.701219511599999956e+00 -1.673965711599999961e+00 -1.552765731999999899e+00 -1.634665731999999760e+00 -1.530919600000000047e+00 -7.000000000000000000e+00
-1.860851678560000000e+00 -1.634665731999999760e+00 -1.706889511599999798e+00 -1.767773291199999930e+00 -1.729848475599999880e+00 -1.034551193199999908e+01
0.000000000000000000e+00 0.000000000000000000e+00 0.000000000000000000e+00 0.000000000000000000e+00 0.000000000000000000e+00 0.000000000000000000e+00
-1.806985559679999964e+00 -1.669290531999999994e+00 -1.919797232844400181e+00 -1.863743841383199928e+00 -9.099999999999999645e+00 -1.910229023247999924e+00
-1.212819999999999787e+00 -1.366665999999999936e+00 -1.366665999999999936e+00 -1.457511999999999919e+00 -1.033991980000000055e+01 -1.643019531999999838e+00
-1.588511931999999849e+00 -1.607411931999999766e+00 -1.701219511599999956e+00 -1.366665999999999936e+00 -1.056176573199999957e+01 -1.923642243023199860e+00
-6.999999999999999556e-01 -1.212819999999999787e+00 -6.999999999999999556e-01 -6.999999999999999556e-01 -7.000000000000000000e+00 1.400000000000000000e+01
0.000000000000000000e+00 0.000000000000000000e+00 0.000000000000000000e+00 0.000000000000000000e+00 0.000000000000000000e+00 0.000000000000000000e+00
-9.099999999999999201e-01 -9.099999999999999201e-01 -9.099999999999999201e-01 -9.919000000000000039e-01 -7.000000000000000000e+00 -7.000000000000000000e+00
-1.385566000000000075e+00 -1.391235999999999917e+00 -1.503665800000000052e+00 -9.099999999999999201e-01 -1.024176579999999959e+01 -1.021451199999999915e+01
-1.530919599999999825e+00 -1.457511999999999919e+00 -1.735031785479999700e+00 -1.754649433599999808e+00 -1.026901960000000003e+01 -9.711185845479999301e+00
-2.162317222257520655e+00 -2.134702357219654623e+00 -2.110714612134643620e+00 -2.002276055762372220e+00 -1.111116982889464389e+01 -1.053352472199999923e+01
0.000000000000000000e+00 0.000000000000000000e+00 0.000000000000000000e+00 0.000000000000000000e+00 0.000000000000000000e+00 0.000000000000000000e+00
-2.006537403613120052e+00 -1.820149145079999808e+00 -1.836490041383199712e+00 -1.748873291199999791e+00 -1.093135390779599447e+01 -1.025466593199999998e+01
-1.946313414198159952e+00 -1.948591507962399882e+00 -2.065378738197332531e+00 -1.999142025175959958e+00 -1.100329590678146019e+01 -1.073616162564399978e+01
-2.200660788093239173e+00 -1.994683370135847733e+00 -2.051214762822860305e+00 -2.156714185917786963e+00 -1.083052750904313832e+01 -7.000000000000000000e+00
-1.648511871999999823e+00 -1.934560629245607677e+00 -1.917522249143200019e+00 -1.919575136646159974e+00 -7.000000000000000000e+00 -9.783592651168000032e+00
0.000000000000000000e+00 0.000000000000000000e+00 0.000000000000000000e+00 0.000000000000000000e+00 0.000000000000000000e+00 0.000000000000000000e+00
-2.069532580197332550e+00 -2.122226544287499905e+00 -2.065378738197332531e+00 -2.111198589041874740e+00 -7.000000000000000000e+00 -9.730000000000000426e+00
-1.971084286042647626e+00 -2.034567822053284125e+00 -1.863743841383199928e+00 -1.904137199364399846e+00 -9.402820000000000178e+00 -1.076592939855999909e+01
-1.503665800000000052e+00 -1.484765799999999913e+00 -1.661919531999999755e+00 -1.673965711599999961e+00 -1.012366600000000005e+01 -1.037276573199999952e+01
-1.863743841383199928e+00 -1.787739425079999833e+00 -1.863743841383199928e+00 -1.834410404679999829e+00 -1.073645640883816021e+01 -1.056176573199999957e+01
0.000000000000000000e+00 0.000000000000000000e+00 0.000000000000000000e+00 0.000000000000000000e+00 0.000000000000000000e+00 0.000000000000000000e+00
-2.028672422150920251e+00 -1.728473311599999951e+00 -2.030469374200120303e+00 -1.922678485907200141e+00 -7.000000000000000000e+00 -1.069706569120000061e+01
-1.366665999999999936e+00 -1.366665999999999936e+00 -1.457511999999999919e+00 -1.366665999999999936e+00 -7.000000000000000000e+00 -7.000000000000000000e+00
-1.588511931999999849e+00 -1.634665731999999760e+00 -1.366665999999999936e+00 -1.655065711599999823e+00 -7.000000000000000000e+00 -9.624665931999999202e+00
-1.275819999999999954e+00 -9.099999999999999201e-01 -1.212819999999999787e+00 -9.099999999999999201e-01 -7.000000000000000000e+00 -9.402820000000000178e+00
